(923.4443359375, 732.475341796875, 961.6351928710938, 754.9992065429688, 'LED', 0, 0, 0)
(966.6220703125, 732.475341796875, 1114.2532958984375, 754.9992065429688, 'OUTSOURCING', 0, 0, 1)
(977.6138916015625, 751.404541015625, 998.7871704101562, 773.9284057617188, 'ID', 0, 1, 0)
(1003.7739868164062, 751.404541015625, 1065.46533203125, 773.9284057617188, 'LABEL', 0, 1, 1)
(856.171875, 728.7876586914062, 908.2041015625, 740.6290283203125, 'JUN./30/20', 1, 0, 0)
(861.1097412109375, 741.5575561523438, 870.1397705078125, 753.39892578125, 'B.', 1, 1, 0)
(872.47265625, 741.5575561523438, 908.2041015625, 753.39892578125, 'W.CHOI', 1, 1, 1)
(855.9191284179688, 756.3156127929688, 907.9513549804688, 768.156982421875, 'JUN./30/20', 1, 2, 0)
(859.9044189453125, 769.0855102539062, 866.4266967773438, 780.9268798828125, 'J.', 1, 3, 0)
(868.759521484375, 769.0855102539062, 877.750732421875, 780.9268798828125, 'Y.', 1, 3, 1)
(880.0835571289062, 769.0855102539062, 907.951416015625, 780.9268798828125, 'BANG', 1, 3, 2)
(855.9191284179688, 784.7174682617188, 907.9513549804688, 796.558837890625, 'JUN./30/20', 2, 0, 0)
(868.7206420898438, 797.4874267578125, 875.242919921875, 809.3287963867188, 'J.', 2, 1, 0)
(877.5757446289062, 797.4874267578125, 887.509765625, 809.3287963867188, 'O.', 2, 1, 1)
(889.8426513671875, 797.4874267578125, 907.9513549804688, 809.3287963867188, 'KIM', 2, 1, 2)
(84.85649108886719, 707.2400512695312, 121.0675048828125, 714.8280639648438, '[Restriction', 3, 0, 0)
(123.02751159667969, 707.2400512695312, 129.43251037597656, 714.8280639648438, 'of', 3, 0, 1)
(131.39251708984375, 707.2400512695312, 164.3485107421875, 714.8280639648438, 'Hazardous', 3, 0, 2)
(166.3085174560547, 707.2400512695312, 204.17152404785156, 714.8280639648438, 'Substances]', 3, 0, 3)
(84.85649108886719, 715.6400756835938, 117.81250762939453, 723.2280883789062, 'Hazardous', 3, 1, 0)
(119.77250671386719, 715.6400756835938, 154.29649353027344, 723.2280883789062, 'substances', 3, 1, 1)
(156.25650024414062, 715.6400756835938, 163.9984893798828, 723.2280883789062, 'on', 3, 1, 2)
(165.95849609375, 715.6400756835938, 177.39649963378906, 723.2280883789062, 'this', 3, 1, 3)
(179.35650634765625, 715.6400756835938, 203.4925079345703, 723.2280883789062, 'product', 3, 1, 4)
(205.45249938964844, 715.6400756835938, 225.71749877929688, 723.2280883789062, 'should', 3, 1, 5)
(227.677490234375, 715.6400756835938, 235.13949584960938, 723.2280883789062, 'be', 3, 1, 6)
(237.0994873046875, 715.6400756835938, 263.0414733886719, 723.2280883789062, 'satisfied', 3, 1, 7)
(265.0014953613281, 715.6400756835938, 272.197509765625, 723.2280883789062, 'by', 3, 1, 8)
(274.1575012207031, 715.6400756835938, 305.4474792480469, 723.2280883789062, 'substance', 3, 1, 9)
(307.4075012207031, 715.6400756835938, 338.6134948730469, 723.2280883789062, 'regulation', 3, 1, 10)
(340.573486328125, 715.6400756835938, 346.978515625, 723.2280883789062, 'of', 3, 1, 11)
(348.9384765625, 715.6400756835938, 364.67449951171875, 723.2280883789062, 'Level', 3, 1, 12)
(366.6344909667969, 715.6400756835938, 377.25347900390625, 723.2280883789062, 'A-I,', 3, 1, 13)
(379.2135009765625, 715.6400756835938, 391.5404968261719, 723.2280883789062, 'A-II,', 3, 1, 14)
(393.50048828125, 715.6400756835938, 411.29449462890625, 723.2280883789062, 'SVHC', 3, 1, 15)
(413.2545166015625, 715.6400756835938, 443.0465393066406, 723.2280883789062, 'according', 3, 1, 16)
(445.00653076171875, 715.6400756835938, 451.7055358886719, 723.2280883789062, 'to', 3, 1, 17)
(84.85649108886719, 724.0401000976562, 134.37451171875, 731.6281127929688, 'LG(52)B―5011', 3, 2, 0)
(136.3345184326172, 724.0401000976562, 165.05552673339844, 731.6281127929688, 'standard.', 3, 2, 1)
(167.01553344726562, 724.0401000976562, 198.1935272216797, 731.6281127929688, 'Especially,', 3, 2, 2)
(200.15353393554688, 724.0401000976562, 213.3765411376953, 731.6281127929688, 'Part', 3, 2, 3)
(215.33653259277344, 724.0401000976562, 235.60153198242188, 731.6281127929688, 'should', 3, 2, 4)
(237.5615234375, 724.0401000976562, 245.02352905273438, 731.6281127929688, 'be', 3, 2, 5)
(246.98353576660156, 724.0401000976562, 273.3595275878906, 731.6281127929688, 'followed', 3, 2, 6)
(275.31951904296875, 724.0401000976562, 286.5755310058594, 731.6281127929688, 'and', 3, 2, 7)
(288.5355224609375, 724.0401000976562, 319.6015319824219, 731.6281127929688, 'controlled', 3, 2, 8)
(321.5615234375, 724.0401000976562, 331.8375244140625, 731.6281127929688, 'the', 3, 2, 9)
(333.79754638671875, 724.0401000976562, 361.9375305175781, 731.6281127929688, 'following', 3, 2, 10)
(363.89752197265625, 724.0401000976562, 403.9165344238281, 731.6281127929688, 'specification.', 3, 2, 11)
(84.85649108886719, 732.4400634765625, 94.20149230957031, 740.028076171875, '(1)', 3, 3, 0)
(96.1614990234375, 732.4400634765625, 129.1175079345703, 740.028076171875, 'Hazardous', 3, 3, 1)
(131.0775146484375, 732.4400634765625, 165.6015167236328, 740.028076171875, 'substances', 3, 3, 2)
(167.5615234375, 732.4400634765625, 180.0285186767578, 740.028076171875, 'test', 3, 3, 3)
(181.988525390625, 732.4400634765625, 201.38552856445312, 740.028076171875, 'report', 3, 3, 4)
(203.34552001953125, 732.4400634765625, 223.6105194091797, 740.028076171875, 'should', 3, 3, 5)
(225.57052612304688, 732.4400634765625, 233.0325164794922, 740.028076171875, 'be', 3, 3, 6)
(234.99252319335938, 732.4400634765625, 266.3735046386719, 740.028076171875, 'submitted', 3, 3, 7)
(268.3335266113281, 732.4400634765625, 285.02850341796875, 740.028076171875, 'when', 3, 3, 8)
(286.988525390625, 732.4400634765625, 299.8055114746094, 740.028076171875, 'part', 3, 3, 9)
(301.7655334472656, 732.4400634765625, 338.739501953125, 740.028076171875, 'certification', 3, 3, 10)
(340.69952392578125, 732.4400634765625, 353.16650390625, 740.028076171875, 'test', 3, 3, 11)
(355.12652587890625, 732.4400634765625, 366.3825378417969, 740.028076171875, 'and', 3, 3, 12)
(368.342529296875, 732.4400634765625, 381.0615234375, 740.028076171875, 'first', 3, 3, 13)
(383.02154541015625, 732.4400634765625, 398.904541015625, 740.028076171875, 'mass', 3, 3, 14)
(400.8645324707031, 732.4400634765625, 435.7035217285156, 740.028076171875, 'production.', 3, 3, 15)
(84.85649108886719, 740.840087890625, 94.20149230957031, 748.4281005859375, '(2)', 3, 4, 0)
(96.1614990234375, 740.840087890625, 127.33950805664062, 748.4281005859375, 'Especially,', 3, 4, 1)
(129.2995147705078, 740.840087890625, 146.1065216064453, 748.4281005859375, 'Don’t', 3, 4, 2)
(148.0665283203125, 740.840087890625, 158.76953125, 748.4281005859375, 'use', 3, 4, 3)
(160.72952270507812, 740.840087890625, 167.2465362548828, 748.4281005859375, 'or', 3, 4, 4)
(169.20654296875, 740.840087890625, 192.03353881835938, 748.4281005859375, 'contain', 3, 4, 5)
(193.9935302734375, 740.840087890625, 206.64955139160156, 748.4281005859375, 'lead', 3, 4, 6)
(208.6095428466797, 740.840087890625, 221.68553161621094, 748.4281005859375, '(Pb)', 3, 4, 7)
(223.64553833007812, 740.840087890625, 234.9015350341797, 748.4281005859375, 'and', 3, 4, 8)
(236.86154174804688, 740.840087890625, 264.67254638671875, 748.4281005859375, 'cadmium', 3, 4, 9)
(266.6325378417969, 740.840087890625, 279.9815368652344, 748.4281005859375, '(Cd)', 3, 4, 10)
(281.9415283203125, 740.840087890625, 287.34552001953125, 748.4281005859375, 'in', 3, 4, 11)
(289.3055419921875, 740.840087890625, 299.64453125, 748.4281005859375, 'ink.', 3, 4, 12)
(84.85649108886719, 760.0410766601562, 90.58948516845703, 767.6290893554688, '1.', 4, 0, 0)
(92.54948425292969, 760.0410766601562, 105.02348327636719, 767.6290893554688, '입고', 4, 0, 1)
(106.98348999023438, 760.0410766601562, 119.45748901367188, 767.6290893554688, '방식', 4, 0, 2)
(121.41749572753906, 760.0410766601562, 122.81749725341797, 767.6290893554688, ':', 4, 0, 3)
(124.77749633789062, 760.0410766601562, 136.27850341796875, 767.6290893554688, 'Roll', 4, 0, 4)
(138.23851013183594, 760.0410766601562, 152.86151123046875, 767.6290893554688, 'Type', 4, 0, 5)
(154.82150268554688, 760.0410766601562, 157.55850219726562, 767.6290893554688, '/', 4, 0, 6)
(159.5185089111328, 760.0410766601562, 184.4665069580078, 767.6290893554688, '종이포장', 4, 0, 7)
(84.85649108886719, 768.4411010742188, 90.58948516845703, 776.0291137695312, '2.', 4, 1, 0)
(92.54948425292969, 768.4411010742188, 105.02348327636719, 776.0291137695312, '양산', 4, 1, 1)
(106.98348999023438, 768.4411010742188, 113.22048950195312, 776.0291137695312, '전', 4, 1, 2)
(115.18049621582031, 768.4411010742188, 133.89149475097656, 776.0291137695312, '설계의', 4, 1, 3)
(135.85150146484375, 768.4411010742188, 154.5625, 776.0291137695312, '승인을', 4, 1, 4)
(156.52249145507812, 768.4411010742188, 168.99649047851562, 776.0291137695312, '득할', 4, 1, 5)
(170.9564971923828, 768.4411010742188, 178.59349060058594, 776.0291137695312, '것.', 4, 1, 6)
(84.85649108886719, 783.2390747070312, 90.58948516845703, 790.8270874023438, '1.', 5, 0, 0)
(92.54948425292969, 783.2390747070312, 116.44050598144531, 790.8270874023438, 'Packing', 5, 0, 1)
(118.4005126953125, 783.2390747070312, 142.26351928710938, 790.8270874023438, 'method', 5, 0, 2)
(144.2235107421875, 783.2390747070312, 160.9185333251953, 790.8270874023438, 'when', 5, 0, 3)
(162.87852478027344, 783.2390747070312, 192.35552978515625, 790.8270874023438, 'delivering', 5, 0, 4)
(194.31552124023438, 783.2390747070312, 195.71551513671875, 790.8270874023438, ':', 5, 0, 5)
(197.67552185058594, 783.2390747070312, 209.17652893066406, 790.8270874023438, 'Roll', 5, 0, 6)
(211.13653564453125, 783.2390747070312, 224.76553344726562, 790.8270874023438, 'type', 5, 0, 7)
(84.85649108886719, 791.6390991210938, 90.58948516845703, 799.2271118164062, '2.', 5, 1, 0)
(92.54948425292969, 791.6390991210938, 114.42448425292969, 799.2271118164062, 'Submit', 5, 1, 1)
(116.38449096679688, 791.6390991210938, 141.3394775390625, 799.2271118164062, 'samples', 5, 1, 2)
(143.2994842529297, 791.6390991210938, 154.5554962158203, 799.2271118164062, 'and', 5, 1, 3)
(156.51548767089844, 791.6390991210938, 166.7845001220703, 799.2271118164062, 'get', 5, 1, 4)
(168.74449157714844, 791.6390991210938, 195.0084991455078, 799.2271118164062, 'approval', 5, 1, 5)
(196.968505859375, 791.6390991210938, 203.3734893798828, 799.2271118164062, 'of', 5, 1, 6)
(205.33349609375, 791.6390991210938, 215.6094970703125, 799.2271118164062, 'the', 5, 1, 7)
(217.56948852539062, 791.6390991210938, 253.40948486328125, 799.2271118164062, 'engineering', 5, 1, 8)
(255.36949157714844, 791.6390991210938, 291.7834777832031, 799.2271118164062, 'department', 5, 1, 9)
(293.7434997558594, 791.6390991210938, 313.8614807128906, 799.2271118164062, 'before', 5, 1, 10)
(315.8215026855469, 791.6390991210938, 331.7044982910156, 799.2271118164062, 'mass', 5, 1, 11)
(333.66448974609375, 791.6390991210938, 368.5035095214844, 799.2271118164062, 'production.', 5, 1, 12)
(918.0341796875, 780.3173217773438, 1063.128173828125, 808.5800170898438, 'MEZ688242', 5, 2, 0)
(751.4755859375, 747.8085327148438, 766.9674072265625, 758.1173706054688, '1/1', 6, 0, 0)
